1.000000000000000021e-02 1.517254607146294615e-43
6.000000000000000472e-02 3.639546474312166519e-42
1.100000000000000006e-01 7.502230447220564011e-40
1.600000000000000311e-01 1.971568428036137648e-37
2.100000000000000200e-01 5.108288142758682458e-35
2.600000000000000089e-01 1.194472720617108889e-32
3.100000000000000533e-01 2.419609267609107774e-30
3.600000000000000422e-01 4.153082734683209764e-28
4.100000000000000311e-01 5.961304156005528603e-26
4.600000000000000200e-01 7.096853378110071547e-24
5.100000000000000089e-01 6.969797373779224504e-22
5.600000000000000533e-01 5.627295353778309909e-20
6.100000000000000977e-01 3.727064598522778622e-18
6.600000000000000311e-01 2.022553858773799485e-16
7.100000000000000755e-01 8.988715250356319713e-15
7.600000000000000089e-01 3.271992374650194319e-13
8.100000000000000533e-01 9.761149239152644086e-12
8.600000000000000977e-01 2.388803744109313109e-10
9.100000000000000311e-01 4.801577823663905209e-09
9.600000000000000755e-01 7.938070075456613059e-08
1.010000000000000009e+00 1.080933787006342534e-06
1.060000000000000053e+00 1.214052975000650329e-05
1.110000000000000098e+00 1.126076101431004869e-04
1.160000000000000142e+00 8.634537663616139542e-04
1.210000000000000187e+00 5.477923837912021879e-03
1.260000000000000009e+00 2.877498297850836217e-02
1.310000000000000053e+00 1.252531136814404311e-01
1.360000000000000098e+00 4.523383588673127731e-01
1.410000000000000142e+00 1.358151951021947523e+00
1.460000000000000187e+00 3.402646540312403989e+00
1.510000000000000009e+00 7.155898147835602963e+00
1.560000000000000053e+00 1.274979233427227676e+01
1.610000000000000098e+00 1.950347768085917011e+01
1.660000000000000142e+00 2.607458095700301115e+01
1.710000000000000187e+00 3.114942103628515113e+01
1.760000000000000009e+00 3.412626577583786514e+01
1.810000000000000053e+00 3.526209940048310898e+01
1.860000000000000098e+00 3.525004528246659419e+01
1.910000000000000142e+00 3.465722007656344772e+01
1.960000000000000187e+00 3.375008920659826117e+01
2.009999999999999787e+00 3.274143420877349797e+01
2.060000000000000053e+00 3.189547174996538459e+01
2.109999999999999876e+00 3.124939093574138127e+01
2.159999999999999698e+00 3.052688144188802610e+01
2.209999999999999964e+00 2.958377046877071592e+01
2.259999999999999787e+00 2.872107467101761102e+01
2.310000000000000053e+00 2.827096404629923754e+01
2.359999999999999876e+00 2.804237144180420671e+01
2.410000000000000142e+00 2.753674147616890622e+01
2.459999999999999964e+00 2.667818200981060883e+01
2.509999999999999787e+00 2.596260397813335175e+01
2.560000000000000053e+00 2.576409407125078843e+01
2.609999999999999876e+00 2.578942862343281917e+01
2.660000000000000142e+00 2.547412749239520124e+01
2.709999999999999964e+00 2.476476055585058589e+01
2.759999999999999787e+00 2.418192986807847333e+01
2.810000000000000053e+00 2.408709147085245661e+01
2.859999999999999876e+00 2.419491691854549842e+01
2.910000000000000142e+00 2.399589802401539629e+01
2.959999999999999964e+00 2.346350710345859980e+01
3.009999999999999787e+00 2.305576475652813428e+01
3.060000000000000053e+00 2.305294139514236562e+01
3.109999999999999876e+00 2.319450313236265870e+01
3.160000000000000142e+00 2.309714957529402568e+01
3.209999999999999964e+00 2.280248694167985590e+01
3.259999999999999787e+00 2.266454618226815754e+01
3.310000000000000053e+00 2.279212928935467275e+01
3.359999999999999876e+00 2.289070669197421992e+01
3.410000000000000142e+00 2.270162906271178471e+01
3.459999999999999964e+00 2.234968950082886607e+01
3.509999999999999787e+00 2.211424320518930031e+01
3.560000000000000053e+00 2.203326469783637975e+01
3.609999999999999876e+00 2.192893130374656252e+01
3.660000000000000142e+00 2.172439348941351511e+01
3.709999999999999964e+00 2.151979082801232934e+01
3.759999999999999787e+00 2.137956585635433981e+01
3.810000000000000053e+00 2.123753758684486925e+01
3.859999999999999876e+00 2.102980944905043970e+01
3.910000000000000142e+00 2.076620155541833768e+01
3.959999999999999964e+00 2.044975587702792907e+01
4.009999999999999787e+00 2.005751407234052408e+01
4.059999999999999609e+00 1.961259104927958674e+01
4.110000000000000320e+00 1.916274051640574072e+01
4.160000000000000142e+00 1.869189377818333497e+01
4.209999999999999964e+00 1.814649876602799239e+01
4.259999999999999787e+00 1.752543429510933493e+01
4.309999999999999609e+00 1.686776187770120572e+01
4.360000000000000320e+00 1.619149382857687058e+01
4.410000000000000142e+00 1.550749876645543068e+01
4.459999999999999964e+00 1.485567864412891126e+01
4.509999999999999787e+00 1.428040541551767895e+01
4.559999999999999609e+00 1.378944374155707386e+01
4.610000000000000320e+00 1.335718399133234691e+01
4.660000000000000142e+00 1.295876190950956541e+01
4.709999999999999964e+00 1.259274086722975383e+01
4.759999999999999787e+00 1.227251716931024461e+01
4.810000000000000497e+00 1.200560989426159075e+01
4.860000000000000320e+00 1.179087909404337253e+01
4.910000000000000142e+00 1.162979173226842100e+01
4.959999999999999964e+00 1.152810146524784685e+01
5.009999999999999787e+00 1.148773162982704577e+01
5.060000000000000497e+00 1.150605695884034141e+01
5.110000000000000320e+00 1.158139320130259975e+01
5.160000000000000142e+00 1.170410008361359644e+01
5.209999999999999964e+00 1.183119428026548903e+01
5.259999999999999787e+00 1.187583304701265696e+01
5.310000000000000497e+00 1.173609427731556920e+01
5.360000000000000320e+00 1.134540078048494038e+01
5.410000000000000142e+00 1.070739294750174686e+01
5.459999999999999964e+00 9.895134202329405326e+00
5.509999999999999787e+00 9.017835458648205460e+00
5.560000000000000497e+00 8.175753321776607407e+00
5.610000000000000320e+00 7.430843044323575342e+00
5.660000000000000142e+00 6.804449507928092444e+00
5.709999999999999964e+00 6.289339906760885945e+00
5.759999999999999787e+00 5.860912493902690201e+00
5.810000000000000497e+00 5.484867388018670908e+00
5.860000000000000320e+00 5.123091267583711250e+00
5.910000000000000142e+00 4.737183083754075597e+00
5.959999999999999964e+00 4.292346753169645979e+00
6.009999999999999787e+00 3.769383594749707633e+00
6.060000000000000497e+00 3.183506595449473675e+00
6.110000000000000320e+00 2.589999805216264495e+00
6.160000000000000142e+00 2.059704409755291010e+00
6.209999999999999964e+00 1.639447723216393538e+00
6.259999999999999787e+00 1.332249913343316550e+00
6.310000000000000497e+00 1.110828121203771390e+00
6.360000000000000320e+00 9.455572623184385073e-01
6.410000000000000142e+00 8.246796418247580585e-01
6.459999999999999964e+00 7.646514088684320809e-01
6.509999999999999787e+00 8.169212929362577036e-01
6.560000000000000497e+00 1.060497304216791115e+00
6.610000000000000320e+00 1.558329026284613006e+00
6.660000000000000142e+00 2.288662330377323251e+00
6.709999999999999964e+00 3.114954673442621225e+00
6.759999999999999787e+00 3.845672139596609806e+00
6.810000000000000497e+00 4.344565079965311938e+00
6.860000000000000320e+00 4.593871883270945311e+00
6.910000000000000142e+00 4.665543454670639356e+00
6.959999999999999964e+00 4.646805586653670161e+00
7.009999999999999787e+00 4.591743996107788384e+00
7.060000000000000497e+00 4.524661471313788041e+00
7.110000000000000320e+00 4.464315798130354729e+00
7.160000000000000142e+00 4.425682945860815565e+00
7.209999999999999964e+00 4.402323696557982835e+00
7.259999999999999787e+00 4.374201438930641395e+00
7.310000000000000497e+00 4.342827051043097519e+00
7.360000000000000320e+00 4.332867198870362202e+00
7.410000000000000142e+00 4.348510408696141027e+00
7.459999999999999964e+00 4.361980890709774350e+00
7.509999999999999787e+00 4.363639271725905822e+00
7.560000000000000497e+00 4.386507025887866895e+00
7.610000000000000320e+00 4.451212969219528581e+00
7.660000000000000142e+00 4.522032135960508903e+00
7.709999999999999964e+00 4.562830532565378405e+00
7.759999999999999787e+00 4.610470505315305445e+00
7.810000000000000497e+00 4.733515284233190457e+00
7.860000000000000320e+00 4.926830050085847290e+00
7.910000000000000142e+00 5.112056219802227908e+00
7.959999999999999964e+00 5.255773091200837577e+00
8.009999999999999787e+00 5.427242117541966948e+00
8.060000000000000497e+00 5.703353446351377976e+00
8.109999999999999432e+00 6.060966054355602317e+00
8.160000000000000142e+00 6.420173651829722772e+00
8.210000000000000853e+00 6.775807569630453386e+00
8.259999999999999787e+00 7.214722366509713325e+00
8.310000000000000497e+00 7.782070219097182218e+00
8.359999999999999432e+00 8.387744242308057707e+00
8.410000000000000142e+00 8.887525007158028956e+00
8.460000000000000853e+00 9.226772305167372679e+00
8.509999999999999787e+00 9.469262189467205104e+00
8.560000000000000497e+00 9.708520016860552104e+00
8.609999999999999432e+00 9.990241288229345429e+00
8.660000000000000142e+00 1.031652049938412574e+01
8.710000000000000853e+00 1.069145409509557254e+01
8.759999999999999787e+00 1.113952842694574663e+01
8.810000000000000497e+00 1.167670470685272477e+01
8.859999999999999432e+00 1.227375039602534912e+01
8.910000000000000142e+00 1.286218420196393986e+01
8.960000000000000853e+00 1.338271564619238596e+01
9.009999999999999787e+00 1.382520122802717744e+01
9.060000000000000497e+00 1.422129860922443356e+01
9.109999999999999432e+00 1.460591230482687841e+01
9.160000000000000142e+00 1.498583742391160634e+01
9.210000000000000853e+00 1.532500692944231879e+01
9.259999999999999787e+00 1.554171455282784464e+01
9.310000000000000497e+00 1.553592343652827878e+01
9.359999999999999432e+00 1.525097802890157972e+01
9.410000000000000142e+00 1.471827799372750434e+01
9.460000000000000853e+00 1.403707154426675174e+01
9.509999999999999787e+00 1.331637441010610168e+01
9.560000000000000497e+00 1.264001711219191293e+01
9.610000000000001208e+00 1.206576020700078011e+01
9.660000000000000142e+00 1.162103057694898567e+01
9.710000000000000853e+00 1.128117679343852942e+01
9.759999999999999787e+00 1.096826265934283207e+01
9.810000000000000497e+00 1.060381823485553099e+01
9.860000000000001208e+00 1.018039348981506365e+01
9.910000000000000142e+00 9.772959218182460717e+00
9.960000000000000853e+00 9.466401704095041225e+00
1.000999999999999979e+01 9.272297219757509978e+00
1.006000000000000050e+01 9.117566684476798855e+00
1.011000000000000121e+01 8.904809231012849935e+00
1.016000000000000014e+01 8.586038335314146508e+00
1.021000000000000085e+01 8.196574785132360930e+00
1.025999999999999979e+01 7.825449699511059620e+00
1.031000000000000050e+01 7.548945304876852447e+00
1.036000000000000121e+01 7.387795956732109204e+00
1.041000000000000014e+01 7.309226433456347038e+00
1.046000000000000085e+01 7.245701302560251023e+00
1.050999999999999979e+01 7.119761743917546681e+00
1.056000000000000050e+01 6.884308253944966260e+00
1.061000000000000121e+01 6.555488690895042936e+00
1.066000000000000014e+01 6.203007734511848170e+00
1.071000000000000085e+01 5.907320038643072202e+00
1.075999999999999979e+01 5.721643599654153256e+00
1.081000000000000050e+01 5.654415867713999511e+00
1.086000000000000121e+01 5.668098175077026291e+00
1.091000000000000014e+01 5.695156166523313246e+00
1.096000000000000085e+01 5.667826984726358042e+00
1.100999999999999979e+01 5.545245973719378441e+00
1.106000000000000050e+01 5.327671779449460132e+00
1.111000000000000121e+01 5.058123772613283720e+00
1.116000000000000014e+01 4.806215996954343872e+00
1.121000000000000085e+01 4.633576342279893900e+00
1.125999999999999979e+01 4.562879259196701121e+00
1.131000000000000050e+01 4.574090282064624979e+00
1.136000000000000121e+01 4.625586410794415571e+00
1.141000000000000014e+01 4.678959976020034439e+00
1.146000000000000085e+01 4.708442616859501939e+00
1.150999999999999979e+01 4.693333822877537642e+00
1.156000000000000050e+01 4.612808124095629125e+00
1.161000000000000121e+01 4.459829207318304789e+00
1.166000000000000014e+01 4.259529039265609107e+00
1.171000000000000085e+01 4.062461939411182499e+00
1.175999999999999979e+01 3.912970823558113320e+00
1.181000000000000050e+01 3.825065559930596937e+00
1.186000000000000121e+01 3.786544500805907099e+00
1.191000000000000014e+01 3.777791423789949476e+00
1.196000000000000085e+01 3.781861279235498419e+00
1.200999999999999979e+01 3.781537317366501227e+00
1.206000000000000050e+01 3.755450782973156265e+00
1.211000000000000121e+01 3.682665150863263737e+00
1.216000000000000014e+01 3.555240631281644692e+00
1.221000000000000085e+01 3.390217637232745052e+00
1.225999999999999979e+01 3.226906996579159692e+00
1.231000000000000050e+01 3.103988549154501175e+00
1.236000000000000121e+01 3.034411977663946658e+00
1.241000000000000014e+01 3.003439061873007798e+00
1.246000000000000085e+01 2.989770568285842423e+00
1.250999999999999979e+01 2.984452209100020514e+00
1.256000000000000050e+01 2.989987620626411324e+00
1.261000000000000121e+01 3.006814723449241278e+00
1.266000000000000014e+01 3.023818154557602167e+00
1.271000000000000085e+01 3.021355786212493122e+00
1.275999999999999979e+01 2.984327035482076340e+00
1.281000000000000050e+01 2.915349903602015402e+00
1.286000000000000121e+01 2.836825871917305619e+00
1.291000000000000014e+01 2.779395950618917865e+00
1.296000000000000085e+01 2.766064952335153482e+00
1.300999999999999979e+01 2.803436914007398695e+00
1.306000000000000050e+01 2.883926294576087290e+00
1.311000000000000121e+01 2.994481814217530236e+00
1.316000000000000014e+01 3.123492810136658804e+00
1.321000000000000085e+01 3.259995446558791254e+00
1.325999999999999979e+01 3.387889444337884637e+00
1.331000000000000050e+01 3.485364025156143519e+00
1.336000000000000121e+01 3.535539511514685262e+00
1.341000000000000014e+01 3.540088519163913539e+00
1.346000000000000085e+01 3.520281230864543698e+00
1.350999999999999979e+01 3.501101199820727761e+00
1.356000000000000050e+01 3.492686156425795385e+00
1.361000000000000121e+01 3.486933466111278079e+00
1.366000000000000014e+01 3.470511591534594764e+00
1.371000000000000085e+01 3.439265041507592713e+00
1.375999999999999979e+01 3.401436091102273185e+00
1.381000000000000050e+01 3.370396641829986883e+00
1.386000000000000121e+01 3.354464329602342865e+00
1.391000000000000014e+01 3.350540530688240981e+00
1.396000000000000085e+01 3.346479864990915765e+00
1.400999999999999979e+01 3.332272883669301855e+00
1.406000000000000050e+01 3.311117651218847158e+00
1.411000000000000121e+01 3.299164529695140846e+00
1.416000000000000014e+01 3.313146984711612397e+00
1.421000000000000085e+01 3.356811538090267000e+00
1.425999999999999979e+01 3.418870962036962613e+00
1.431000000000000050e+01 3.486138104419274963e+00
1.436000000000000121e+01 3.560350488061904350e+00
1.441000000000000014e+01 3.662497715370589102e+00
1.446000000000000085e+01 3.823189060695345809e+00
1.450999999999999979e+01 4.067099707182006085e+00
1.456000000000000050e+01 4.389658954606279195e+00
1.461000000000000121e+01 4.728594555299433289e+00
1.466000000000000014e+01 4.963834128606992024e+00
1.471000000000000085e+01 4.977415008373294647e+00
1.475999999999999979e+01 4.738172922404674914e+00
1.481000000000000050e+01 4.327461526154193550e+00
1.486000000000000121e+01 3.877221637143642763e+00
1.491000000000000014e+01 3.486371415820938680e+00
1.496000000000000085e+01 3.190477072137090975e+00
1.500999999999999979e+01 2.985658583026537194e+00
1.506000000000000050e+01 2.858231189184956111e+00
1.511000000000000121e+01 2.792406782588355174e+00
1.516000000000000014e+01 2.766286219574291660e+00
1.521000000000000085e+01 2.752421653251302835e+00
1.525999999999999979e+01 2.725335848547203454e+00
1.531000000000000050e+01 2.671452405580340361e+00
1.536000000000000121e+01 2.596248998953395226e+00
1.541000000000000014e+01 2.521570886033745573e+00
1.546000000000000085e+01 2.471202486637424478e+00
1.550999999999999979e+01 2.456329301404623244e+00
1.556000000000000050e+01 2.474519305251622114e+00
1.561000000000000121e+01 2.518860798196280726e+00
1.566000000000000014e+01 2.582069032947474252e+00
1.571000000000000085e+01 2.651474587877093558e+00
1.575999999999999979e+01 2.706581433088131927e+00
1.581000000000000050e+01 2.727428223323375533e+00
1.586000000000000121e+01 2.706588824800522097e+00
1.591000000000000014e+01 2.653360738011719899e+00
1.596000000000000085e+01 2.588222895730743822e+00
1.601000000000000156e+01 2.533171989894705156e+00
1.606000000000000227e+01 2.502634514628888418e+00
1.611000000000000298e+01 2.497538293524485642e+00
1.616000000000000369e+01 2.505340523054615076e+00
1.621000000000000085e+01 2.507124544671840649e+00
1.626000000000000156e+01 2.487920221630846918e+00
1.631000000000000227e+01 2.443547304230715422e+00
1.636000000000000298e+01 2.380458894997464547e+00
1.641000000000000369e+01 2.310571187127594683e+00
1.646000000000000085e+01 2.245378975613785411e+00
1.651000000000000156e+01 2.192459565317467440e+00
1.656000000000000227e+01 2.155239867480609472e+00
1.661000000000000298e+01 2.134558899224795248e+00
1.666000000000000369e+01 2.129101497380275543e+00
1.671000000000000085e+01 2.133660971327056011e+00
1.676000000000000156e+01 2.138376229649208149e+00
1.681000000000000227e+01 2.132486520251091644e+00
1.686000000000000298e+01 2.110813440295053134e+00
1.691000000000000369e+01 2.077151917792630087e+00
1.696000000000000085e+01 2.041601834678123950e+00
1.701000000000000156e+01 2.014579548305670542e+00
1.706000000000000227e+01 2.002182884682506714e+00
1.711000000000000298e+01 2.005009994818312880e+00
1.716000000000000369e+01 2.019268962465381012e+00
1.721000000000000085e+01 2.038235881559729901e+00
1.726000000000000156e+01 2.053798736702715733e+00
1.731000000000000227e+01 2.058988282004905468e+00
1.736000000000000298e+01 2.051275798828839037e+00
1.741000000000000369e+01 2.035420749402597096e+00
1.746000000000000085e+01 2.024693456980013462e+00
1.751000000000000156e+01 2.037971028295118003e+00
1.756000000000000227e+01 2.090572332224804430e+00
1.761000000000000298e+01 2.183389586352953771e+00
1.766000000000000369e+01 2.300213375702753194e+00
1.771000000000000085e+01 2.417002811499883386e+00
1.776000000000000156e+01 2.515597830777446919e+00
1.781000000000000227e+01 2.591208177337442908e+00
1.786000000000000298e+01 2.649335562904136854e+00
1.791000000000000369e+01 2.696405951456087191e+00
1.796000000000000085e+01 2.732953823445475994e+00
1.801000000000000156e+01 2.754884735219667036e+00
1.806000000000000227e+01 2.759650686557856503e+00
1.811000000000000298e+01 2.750308238932827276e+00
1.816000000000000369e+01 2.736362227014406567e+00
1.821000000000000085e+01 2.735248460751165567e+00
1.826000000000000156e+01 2.772240948105016756e+00
1.831000000000000227e+01 2.870739333061455678e+00
1.836000000000000298e+01 3.034755650653488956e+00
1.841000000000000369e+01 3.240526421333849161e+00
1.846000000000000085e+01 3.450227470442829070e+00
1.851000000000000156e+01 3.637533432387645593e+00
1.856000000000000227e+01 3.799785083301173927e+00
1.861000000000000298e+01 3.944497418655712018e+00
1.866000000000000369e+01 4.065769037458752955e+00
1.871000000000000085e+01 4.137732483978155962e+00
1.876000000000000156e+01 4.133621621950073433e+00
1.881000000000000227e+01 4.050958261599252985e+00
1.886000000000000298e+01 3.917565763141525714e+00
1.891000000000000369e+01 3.773993579356845984e+00
1.896000000000000085e+01 3.649958926400727055e+00
1.901000000000000156e+01 3.554002156513377919e+00
1.906000000000000227e+01 3.480269858147017281e+00
1.911000000000000298e+01 3.421661828157988250e+00
1.916000000000000369e+01 3.376672300740026333e+00
1.921000000000000441e+01 3.347177736225486644e+00
1.926000000000000156e+01 3.334290912786153971e+00
1.931000000000000227e+01 3.338263485196071745e+00
1.936000000000000298e+01 3.360562029603675782e+00
1.941000000000000369e+01 3.403693020720056861e+00
1.946000000000000441e+01 3.467848561292000920e+00
1.951000000000000156e+01 3.546567693608936978e+00
1.956000000000000227e+01 3.624944998997830403e+00
1.961000000000000298e+01 3.683434727124730745e+00
1.966000000000000369e+01 3.706694615741558341e+00
1.971000000000000441e+01 3.692020527069903579e+00
1.976000000000000156e+01 3.650544680104359951e+00
1.981000000000000227e+01 3.599637323272091294e+00
1.986000000000000298e+01 3.552833080675938504e+00
1.991000000000000369e+01 3.515026902925781460e+00
1.996000000000000441e+01 3.484345563378924648e+00
2.001000000000000156e+01 3.456930606273300288e+00
2.006000000000000227e+01 3.431756833391757411e+00
2.011000000000000298e+01 3.415188567390554653e+00
2.016000000000000369e+01 3.424731395353999730e+00
2.021000000000000441e+01 3.488117108520965015e+00
2.026000000000000156e+01 3.630773509162863011e+00
2.031000000000000227e+01 3.849804017881802931e+00
2.036000000000000298e+01 4.090908084015230095e+00
2.041000000000000369e+01 4.260089005295373710e+00
2.046000000000000441e+01 4.281092536755540578e+00
2.051000000000000156e+01 4.154273666581083546e+00
2.056000000000000227e+01 3.952142736100164200e+00
2.061000000000000298e+01 3.750291249809327265e+00
2.066000000000000369e+01 3.568655389918556242e+00
2.071000000000000441e+01 3.381850705936472412e+00
2.076000000000000156e+01 3.171363044535782993e+00
2.081000000000000227e+01 2.953145728579914309e+00
2.086000000000000298e+01 2.759701626600256308e+00
2.091000000000000369e+01 2.610600300251459061e+00
2.096000000000000441e+01 2.504625903910485007e+00
2.101000000000000156e+01 2.431404947627131996e+00
2.106000000000000227e+01 2.382937327884838918e+00
2.111000000000000298e+01 2.356099339301735984e+00
2.116000000000000369e+01 2.349038037428468950e+00
2.121000000000000441e+01 2.355432786164165293e+00
2.126000000000000156e+01 2.362003655131187596e+00
2.131000000000000227e+01 2.355509076868718576e+00
2.136000000000000298e+01 2.334788971725616502e+00
2.141000000000000369e+01 2.313102524479643041e+00
2.146000000000000441e+01 2.305964032207016068e+00
2.151000000000000156e+01 2.317966834505504892e+00
2.156000000000000227e+01 2.342266892432261383e+00
2.161000000000000298e+01 2.370843464614961871e+00
2.166000000000000369e+01 2.404556093934093752e+00
2.171000000000000441e+01 2.455285413596195454e+00
2.176000000000000156e+01 2.538077221020584862e+00
2.181000000000000227e+01 2.655817200181675997e+00
2.186000000000000298e+01 2.786049742634637560e+00
2.191000000000000369e+01 2.884222749106646333e+00
2.196000000000000441e+01 2.908294749108044641e+00
2.201000000000000156e+01 2.848150928432252371e+00
2.206000000000000227e+01 2.732827500586758607e+00
2.211000000000000298e+01 2.607591636193427043e+00
2.216000000000000369e+01 2.503321162515914189e+00
2.221000000000000441e+01 2.425044053135060995e+00
2.226000000000000156e+01 2.361738015176764627e+00
2.231000000000000227e+01 2.300400414290151296e+00
2.236000000000000298e+01 2.232869718017866045e+00
2.241000000000000369e+01 2.156716499669291132e+00
2.246000000000000441e+01 2.074585240289060550e+00
2.251000000000000156e+01 1.993229738035295240e+00
2.256000000000000227e+01 1.921810836510990272e+00
2.261000000000000298e+01 1.869108915263607562e+00
2.266000000000000369e+01 1.840062111613567142e+00
2.271000000000000441e+01 1.833559158407393141e+00
2.276000000000000156e+01 1.843761790092104391e+00
2.281000000000000227e+01 1.864494059840548834e+00
2.286000000000000298e+01 1.892712696508952241e+00
2.291000000000000369e+01 1.927534906489237754e+00
2.296000000000000441e+01 1.966462533856607964e+00
2.301000000000000156e+01 2.004134829892910918e+00
2.306000000000000227e+01 2.035550727178052188e+00
2.311000000000000298e+01 2.059300283908314544e+00
2.316000000000000369e+01 2.076280886000242187e+00
2.321000000000000441e+01 2.086205602894814604e+00
2.326000000000000156e+01 2.087905500678528536e+00
2.331000000000000227e+01 2.084339011580786050e+00
2.336000000000000298e+01 2.085985330148765637e+00
2.341000000000000369e+01 2.106421680355571979e+00
2.346000000000000441e+01 2.152474091832504044e+00
2.351000000000000156e+01 2.218444998457553385e+00
2.356000000000000227e+01 2.289513539798889497e+00
2.361000000000000298e+01 2.349365634796788616e+00
2.366000000000000369e+01 2.385743004990572569e+00
2.371000000000000441e+01 2.393855886929894261e+00
2.376000000000000156e+01 2.378704551528121325e+00
2.381000000000000227e+01 2.353034001241359530e+00
2.386000000000000298e+01 2.329228293294337337e+00
2.391000000000000369e+01 2.311625927674894498e+00
2.396000000000000441e+01 2.297537194509949199e+00
2.401000000000000156e+01 2.285140796607338931e+00
2.406000000000000227e+01 2.277657200624320311e+00
2.411000000000000298e+01 2.278982084710202916e+00
2.416000000000000369e+01 2.287863535801775150e+00
2.421000000000000441e+01 2.298197974252959686e+00
2.426000000000000156e+01 2.303444374262664684e+00
2.431000000000000227e+01 2.299178237626520627e+00
2.436000000000000298e+01 2.283006143966634038e+00
2.441000000000000369e+01 2.255185749021309416e+00
2.446000000000000441e+01 2.220865885907477466e+00
2.451000000000000156e+01 2.190594158168150951e+00
2.456000000000000227e+01 2.176306810436944961e+00
2.461000000000000298e+01 2.185432111748501605e+00
2.466000000000000369e+01 2.218124433436058585e+00
2.471000000000000441e+01 2.268179474868071033e+00
2.476000000000000156e+01 2.324424078752870049e+00
2.481000000000000227e+01 2.372100908333080405e+00
2.486000000000000298e+01 2.397286157114314697e+00
2.491000000000000369e+01 2.394681652777661984e+00
2.496000000000000441e+01 2.372757606775767858e+00
